Scan Type;	Radial q(nm-1)
Image Path;	\\192.168.95.140\dataInt\bl19b2_260214\dat001\001_ref_sekiei_25d_10s.tif
Energy(KeV);	24.999919
Detector;	2M
Detector set;	Normal
Direct x;	684.835468
Direct y;	781.415495
Camera distance(mm);	756.0
Tilt Hor plane(deg);	0.0
Tilt Ver plane(deg);	0.0
Rot In plane(deg);	0.0
tth(deg);	0.0
tthz(deg);	0.0
Radial start(deg);	0.00582540044823995
Radial end(deg);	15.20282078832488
Azimuth start(deg);	-180.0
Azimuth end(deg);	180.0
Other side of Azimuth;	OFF
Polarization;	ON
Mask use;	OFF
Absorption;	0.988654
Monitor;	11277.5
Data points;	825
//------------------------------//
0.05361	0.06250	0.06250
0.09435	0.13793	0.06897
0.13508	0.09756	0.04878
0.17581	0.14286	0.05051
0.21655	0.16418	0.04950
0.25728	0.15000	0.04330
0.29801	0.22472	0.05025
0.33875	0.18868	0.04219
0.37948	0.26725	0.04800
0.42021	1.86264	0.11924
0.46095	7.28892	0.22656
0.50168	14.03270	0.30089
0.54241	17.20064	0.32287
0.58315	16.40179	0.30020
0.62388	15.46884	0.28685
0.66461	13.87997	0.25895
0.70534	13.53296	0.24915
0.74608	12.67479	0.23475
0.78681	12.26540	0.22513
0.82754	12.13993	0.21949
0.86828	11.43390	0.20655
0.90901	11.17491	0.19907
0.94974	11.01824	0.19359
0.99047	10.59266	0.18759
1.03121	10.59019	0.18163
1.07194	10.22638	0.17630
1.11267	10.33299	0.17407
1.15341	9.84240	0.16581
1.19414	9.45399	0.16050
1.23487	9.30543	0.15608
1.27560	9.17698	0.15262
1.31634	9.17535	0.15183
1.35707	9.12530	0.14705
1.39780	8.96347	0.14732
1.43853	9.22436	0.14999
1.47927	8.79703	0.14756
1.52000	8.70631	0.14662
1.56073	8.86764	0.14761
1.60146	8.40182	0.14385
1.64220	8.60206	0.14328
1.68293	8.48865	0.14319
1.72366	8.37884	0.13895
1.76439	8.42047	0.14126
1.80512	7.83246	0.13449
1.84586	8.09051	0.13607
1.88659	7.85562	0.13377
1.92732	8.05425	0.13276
1.96805	8.07428	0.12733
2.00878	8.04370	0.12608
2.04952	8.16033	0.12385
2.09025	7.85708	0.11952
2.13098	7.81011	0.11747
2.17171	7.90111	0.11582
2.21244	7.73159	0.11418
2.25318	7.86209	0.11234
2.29391	7.74332	0.11221
2.33464	7.71618	0.10921
2.37537	7.82984	0.10984
2.41610	7.59125	0.10636
2.45683	7.47312	0.10384
2.49756	7.58043	0.10474
2.53829	7.39802	0.10179
2.57903	7.60797	0.10294
2.61976	7.53286	0.10110
2.66049	7.58567	0.10037
2.70122	7.39729	0.09846
2.74195	7.46542	0.09764
2.78268	7.62759	0.09826
2.82341	7.43891	0.09661
2.86414	7.19144	0.09365
2.90487	7.39583	0.09485
2.94560	7.36189	0.09290
2.98633	7.45046	0.09373
3.02706	7.36410	0.09179
3.06779	7.50299	0.09287
3.10852	7.22808	0.08972
3.14925	7.39958	0.09022
3.18998	7.33066	0.08907
3.23071	7.27564	0.08821
3.27144	7.34205	0.08787
3.31217	7.37158	0.08790
3.35290	7.31941	0.08687
3.39363	7.18198	0.08543
3.43436	7.26600	0.08516
3.47509	7.50631	0.08621
3.51582	7.75127	0.08713
3.55655	7.55341	0.08547
3.59728	7.60124	0.08533
3.63801	7.71416	0.08495
3.67874	7.81951	0.08553
3.71946	7.64706	0.08364
3.76019	7.68928	0.08380
3.80092	7.53815	0.08222
3.84165	7.44249	0.08155
3.88238	7.44213	0.08073
3.92311	7.28297	0.07965
3.96384	7.17052	0.07832
4.00456	7.15063	0.07811
4.04529	6.91181	0.07608
4.08602	7.01034	0.07656
4.12675	6.88184	0.07504
4.16747	6.94411	0.07560
4.20820	6.74930	0.07544
4.24893	6.81991	0.07615
4.28966	6.71757	0.07607
4.33038	6.70275	0.07562
4.37111	6.84014	0.07672
4.41184	6.60196	0.07580
4.45257	6.60590	0.07511
4.49329	6.53911	0.07489
4.53402	6.68124	0.07589
4.57475	6.51491	0.07494
4.61547	6.63513	0.07531
4.65620	6.63408	0.07536
4.69692	6.61724	0.07517
4.73765	6.50487	0.07353
4.77838	6.55177	0.07234
4.81910	6.38344	0.07032
4.85983	6.56906	0.07155
4.90055	6.42497	0.06948
4.94128	6.47025	0.06946
4.98200	6.50581	0.06919
5.02273	6.54966	0.06899
5.06346	6.41261	0.06804
5.10418	6.46592	0.06774
5.14490	6.36454	0.06707
5.18563	6.41594	0.06670
5.22635	6.40910	0.06646
5.26708	6.33894	0.06567
5.30780	6.49763	0.06621
5.34853	6.30232	0.06504
5.38925	6.39804	0.06511
5.42997	6.44546	0.06478
5.47070	6.37841	0.06444
5.51142	6.38178	0.06523
5.55215	6.27001	0.06507
5.59287	6.24672	0.06508
5.63359	6.32409	0.06586
5.67432	6.24387	0.06476
5.71504	6.27399	0.06573
5.75576	6.25132	0.06400
5.79648	6.40073	0.06395
5.83721	6.33415	0.06320
5.87793	6.28941	0.06229
5.91865	6.25986	0.06210
5.95937	6.34465	0.06184
6.00009	6.29606	0.06175
6.04082	6.27647	0.06143
6.08154	6.25261	0.06108
6.12226	6.16435	0.06036
6.16298	6.35171	0.06089
6.20370	6.24914	0.06026
6.24442	6.24369	0.06006
6.28514	6.26580	0.05955
6.32586	6.32657	0.06013
6.36658	6.22583	0.05896
6.40730	6.37853	0.05954
6.44802	6.20824	0.05842
6.48874	6.26173	0.05856
6.52946	6.21647	0.05830
6.57018	6.26945	0.05810
6.61090	6.20987	0.05770
6.65162	6.22953	0.05749
6.69234	6.33970	0.05790
6.73306	6.38219	0.05776
6.77378	6.29653	0.05722
6.81450	6.23172	0.05684
6.85521	6.24088	0.05662
6.89593	6.30753	0.05654
6.93665	6.40906	0.05685
6.97737	6.33687	0.05629
7.01809	6.28810	0.05593
7.05880	6.37218	0.05592
7.09952	6.39940	0.05604
7.14024	6.36370	0.05530
7.18095	6.43427	0.05590
7.22167	6.26853	0.05458
7.26239	6.45762	0.05549
7.30310	6.48394	0.05555
7.34382	6.40443	0.05502
7.38454	6.40461	0.05462
7.42525	6.44120	0.05499
7.46597	6.47829	0.05488
7.50668	6.43491	0.05516
7.54740	6.39583	0.05539
7.58811	6.45863	0.05599
7.62883	6.42623	0.05583
7.66954	6.45010	0.05620
7.71026	6.48110	0.05608
7.75097	6.35073	0.05595
7.79168	6.40502	0.05607
7.83240	6.49286	0.05651
7.87311	6.46184	0.05613
7.91383	6.53905	0.05656
7.95454	6.40760	0.05614
7.99525	6.56061	0.05677
8.03596	6.46657	0.05604
8.07668	6.65596	0.05609
8.11739	6.60312	0.05525
8.15810	6.57918	0.05489
8.19881	6.59688	0.05475
8.23953	6.63979	0.05438
8.28024	6.67788	0.05469
8.32095	6.70096	0.05406
8.36166	6.62319	0.05390
8.40237	6.74101	0.05399
8.44308	6.61902	0.05349
8.48379	6.67167	0.05378
8.52450	6.81536	0.05455
8.56521	6.68147	0.05449
8.60592	6.79273	0.05497
8.64663	6.72200	0.05450
8.68734	6.74275	0.05482
8.72805	6.80727	0.05480
8.76876	6.74308	0.05392
8.80947	6.84441	0.05356
8.85017	6.85741	0.05372
8.89088	6.86242	0.05322
8.93159	6.95005	0.05390
8.97230	7.00750	0.05372
9.01301	6.96659	0.05310
9.05371	6.91895	0.05304
9.09442	6.96068	0.05287
9.13513	7.00562	0.05281
9.17583	6.91974	0.05242
9.21654	6.98816	0.05248
9.25725	7.00935	0.05236
9.29795	7.08429	0.05231
9.33866	7.04646	0.05235
9.37936	6.96770	0.05160
9.42007	6.93970	0.05145
9.46077	7.07332	0.05153
9.50148	7.12630	0.05173
9.54218	7.12962	0.05142
9.58289	7.09619	0.05104
9.62359	7.13374	0.05122
9.66429	7.15201	0.05115
9.70500	7.24366	0.05115
9.74570	7.12992	0.05079
9.78640	7.15767	0.05062
9.82711	7.23486	0.05124
9.86781	7.28864	0.05106
9.90851	7.28010	0.05112
9.94921	7.23360	0.05062
9.98991	7.29994	0.05088
10.03061	7.26484	0.05057
10.07132	7.19099	0.05028
10.11202	7.29832	0.05063
10.15272	7.32357	0.05034
10.19342	7.43067	0.05065
10.23412	7.39629	0.05043
10.27482	7.39618	0.05067
10.31552	7.41953	0.05132
10.35622	7.43580	0.05150
10.39692	7.41547	0.05142
10.43761	7.45783	0.05180
10.47831	7.36569	0.05154
10.51901	7.49128	0.05204
10.55971	7.50554	0.05194
10.60041	7.50331	0.05211
10.64110	7.56164	0.05238
10.68180	7.61873	0.05244
10.72250	7.58913	0.05269
10.76319	7.55917	0.05228
10.80389	7.58815	0.05242
10.84459	7.71466	0.05183
10.88528	7.65514	0.05162
10.92598	7.69212	0.05136
10.96667	7.89653	0.05178
11.00737	7.66039	0.05074
11.04806	7.77618	0.05103
11.08876	7.84528	0.05089
11.12945	7.82441	0.05069
11.17014	7.81987	0.05079
11.21084	7.94182	0.05085
11.25153	7.96195	0.05079
11.29222	7.91441	0.05045
11.33292	7.93929	0.05022
11.37361	7.87848	0.05020
11.41430	8.00604	0.05011
11.45499	8.01270	0.05032
11.49568	7.96773	0.04961
11.53637	8.01037	0.04997
11.57706	8.11428	0.04993
11.61776	8.10926	0.04997
11.65845	8.14283	0.04986
11.69914	8.15202	0.04974
11.73982	8.10518	0.04937
11.78051	8.20561	0.04974
11.82120	8.22564	0.04978
11.86189	8.18277	0.04959
11.90258	8.20799	0.04934
11.94327	8.29594	0.04973
11.98396	8.27829	0.04921
12.02464	8.36625	0.04975
12.06533	8.23672	0.04898
12.10602	8.36593	0.04950
12.14670	8.39896	0.04935
12.18739	8.48028	0.04958
12.22808	8.42852	0.04934
12.26876	8.41383	0.04925
12.30945	8.48374	0.04926
12.35013	8.48416	0.04925
12.39082	8.49605	0.04916
12.43150	8.62920	0.04942
12.47218	8.66284	0.04941
12.51287	8.65194	0.04947
12.55355	8.65592	0.04915
12.59423	8.78417	0.04938
12.63492	8.78898	0.04935
12.67560	8.77355	0.04937
12.71628	8.81988	0.04929
12.75696	8.78828	0.04909
12.79764	8.78665	0.04902
12.83832	8.84509	0.04899
12.87901	8.93103	0.04925
12.91969	8.98357	0.04926
12.96037	8.97927	0.04925
13.00105	8.95593	0.04905
13.04172	9.06581	0.04914
13.08240	9.02180	0.04903
13.12308	9.02321	0.04895
13.16376	9.09182	0.04895
13.20444	9.14788	0.04908
13.24512	9.21565	0.04917
13.28579	9.19948	0.04907
13.32647	9.36226	0.04938
13.36715	9.28515	0.04909
13.40782	9.37293	0.04907
13.44850	9.33134	0.04893
13.48917	9.45633	0.04910
13.52985	9.41196	0.04908
13.57052	9.40265	0.04927
13.61120	9.50133	0.04990
13.65187	9.57248	0.05012
13.69255	9.54332	0.05039
13.73322	9.67511	0.05059
13.77389	9.53169	0.05042
13.81457	9.63641	0.05079
13.85524	9.64473	0.05086
13.89591	9.59363	0.05069
13.93658	9.74886	0.05138
13.97725	9.75614	0.05127
14.01793	9.70664	0.05112
14.05860	9.78321	0.05135
14.09927	9.86632	0.05139
14.13994	9.79357	0.05071
14.18061	9.85306	0.05041
14.22127	9.90033	0.05055
14.26194	9.83032	0.04995
14.30261	9.94484	0.05021
14.34328	9.94205	0.05006
14.38395	10.04036	0.05030
14.42461	9.98497	0.04981
14.46528	10.02213	0.04982
14.50595	9.94566	0.04951
14.54661	9.95015	0.04950
14.58728	10.04556	0.04955
14.62795	9.90259	0.04910
14.66861	10.02965	0.04925
14.70928	10.01670	0.04899
14.74994	10.08824	0.04919
14.79060	10.05949	0.04910
14.83127	10.01878	0.04879
14.87193	10.04131	0.04868
14.91259	10.17054	0.04902
14.95325	10.00395	0.04845
14.99392	10.04007	0.04852
15.03458	10.05229	0.04834
15.07524	10.08198	0.04849
15.11590	9.91576	0.04788
15.15656	9.93914	0.04800
15.19722	9.92953	0.04778
15.23788	9.97722	0.04794
15.27854	9.94517	0.04766
15.31920	9.90233	0.04763
15.35986	9.84006	0.04735
15.40052	9.76513	0.04693
15.44117	9.73918	0.04698
15.48183	9.78597	0.04684
15.52249	9.76832	0.04696
15.56314	9.76366	0.04668
15.60380	9.77522	0.04678
15.64445	9.61084	0.04613
15.68511	9.56144	0.04605
15.72577	9.47664	0.04572
15.76642	9.50482	0.04581
15.80707	9.45613	0.04561
15.84773	9.43980	0.04536
15.88838	9.37775	0.04516
15.92903	9.38980	0.04522
15.96969	9.29809	0.04495
16.01034	9.28872	0.04476
16.05099	9.21878	0.04439
16.09164	9.21129	0.04449
16.13229	9.13443	0.04422
16.17294	9.04165	0.04379
16.21359	9.10211	0.04388
16.25424	9.06860	0.04377
16.29489	8.97568	0.04366
16.33554	9.05558	0.04408
16.37619	8.93920	0.04405
16.41683	8.83742	0.04389
16.45748	8.82350	0.04391
16.49813	8.67415	0.04376
16.53878	8.70876	0.04385
16.57942	8.71299	0.04391
16.62007	8.57171	0.04349
16.66071	8.56450	0.04368
16.70136	8.51523	0.04344
16.74200	8.36614	0.04321
16.78265	8.35505	0.04307
16.82329	8.34308	0.04309
16.86393	8.25421	0.04242
16.90457	8.17791	0.04204
16.94522	8.19503	0.04195
16.98586	8.10938	0.04136
17.02650	8.10225	0.04146
17.06714	8.01810	0.04096
17.10778	7.99087	0.04095
17.14842	7.95753	0.04061
17.18906	7.77142	0.04010
17.22970	7.83716	0.04019
17.27034	7.79844	0.03992
17.31098	7.75858	0.03983
17.35161	7.69657	0.03943
17.39225	7.64587	0.03950
17.43289	7.55285	0.03894
17.47352	7.52050	0.03882
17.51416	7.52062	0.03877
17.55480	7.49616	0.03874
17.59543	7.33704	0.03817
17.63607	7.33497	0.03805
17.67670	7.22116	0.03783
17.71733	7.17723	0.03748
17.75797	7.15640	0.03767
17.79860	7.11462	0.03726
17.83923	7.09526	0.03722
17.87986	7.07289	0.03710
17.92050	6.96814	0.03679
17.96113	6.90981	0.03658
18.00176	6.83345	0.03631
18.04239	6.81966	0.03631
18.08302	6.77227	0.03594
18.12365	6.75543	0.03604
18.16427	6.67775	0.03566
18.20490	6.69043	0.03574
18.24553	6.59437	0.03529
18.28616	6.59503	0.03534
18.32678	6.55440	0.03516
18.36741	6.48496	0.03489
18.40804	6.40893	0.03470
18.44866	6.38249	0.03436
18.48929	6.36531	0.03446
18.52991	6.26897	0.03413
18.57053	6.31859	0.03418
18.61116	6.24382	0.03389
18.65178	6.13195	0.03350
18.69240	6.19858	0.03379
18.73302	6.14422	0.03347
18.77365	6.07985	0.03333
18.81427	6.02415	0.03300
18.85489	5.98075	0.03304
18.89551	5.97248	0.03290
18.93613	5.90426	0.03268
18.97675	5.89805	0.03259
19.01736	5.86795	0.03249
19.05798	5.81046	0.03234
19.09860	5.79091	0.03219
19.13922	5.71686	0.03195
19.17983	5.73924	0.03192
19.22045	5.62778	0.03168
19.26106	5.66795	0.03166
19.30168	5.64423	0.03158
19.34229	5.55661	0.03123
19.38291	5.53075	0.03123
19.42352	5.53814	0.03117
19.46414	5.55919	0.03116
19.50475	5.44909	0.03083
19.54536	5.39370	0.03077
19.58597	5.38037	0.03125
19.62658	5.33903	0.03133
19.66719	5.33360	0.03149
19.70780	5.31480	0.03157
19.74841	5.27668	0.03175
19.78902	5.23317	0.03154
19.82963	5.22292	0.03179
19.87024	5.17851	0.03160
19.91085	5.11029	0.03167
19.95145	5.15277	0.03184
19.99206	5.09370	0.03157
20.03266	5.06028	0.03170
20.07327	5.05059	0.03154
20.11387	5.00621	0.03127
20.15448	4.96048	0.03085
20.19508	4.97828	0.03093
20.23569	4.95005	0.03080
20.27629	4.90354	0.03054
20.31689	4.85582	0.03045
20.35749	4.79683	0.03004
20.39809	4.83913	0.03035
20.43870	4.84893	0.03021
20.47930	4.86902	0.03038
20.51989	4.81831	0.03008
20.56049	4.69058	0.02978
20.60109	4.73261	0.02983
20.64169	4.64988	0.02958
20.68229	4.69227	0.02966
20.72289	4.60934	0.02940
20.76348	4.60389	0.02948
20.80408	4.60402	0.02933
20.84467	4.58415	0.02934
20.88527	4.49067	0.02892
20.92586	4.52207	0.02921
20.96646	4.43836	0.02871
21.00705	4.50091	0.02900
21.04764	4.47498	0.02878
21.08823	4.44452	0.02876
21.12883	4.43911	0.02870
21.16942	4.45052	0.02864
21.21001	4.40084	0.02860
21.25060	4.37340	0.02836
21.29119	4.34260	0.02838
21.33177	4.33420	0.02817
21.37236	4.28286	0.02811
21.41295	4.27105	0.02800
21.45354	4.29890	0.02817
21.49412	4.27253	0.02796
21.53471	4.22756	0.02782
21.57530	4.21366	0.02781
21.61588	4.23920	0.02785
21.65647	4.12299	0.02747
21.69705	4.12953	0.02738
21.73763	4.11975	0.02750
21.77822	4.16180	0.02751
21.81880	4.09233	0.02737
21.85938	4.11412	0.02733
21.89996	4.06310	0.02728
21.94054	4.09709	0.02732
21.98112	4.08544	0.02720
22.02170	4.03341	0.02709
22.06228	3.99440	0.02688
22.10286	4.00106	0.02699
22.14343	3.96904	0.02670
22.18401	3.98667	0.02690
22.22459	3.93149	0.02655
22.26516	3.92335	0.02676
22.30574	3.89921	0.02684
22.34631	3.87599	0.02698
22.38689	3.88825	0.02698
22.42746	3.88449	0.02706
22.46803	3.81259	0.02703
22.50861	3.85104	0.02743
22.54918	3.84661	0.02768
22.58975	3.80859	0.02756
22.63032	3.81853	0.02784
22.67089	3.80012	0.02793
22.71146	3.77293	0.02799
22.75203	3.80758	0.02818
22.79260	3.78034	0.02826
22.83317	3.75803	0.02827
22.87373	3.72704	0.02820
22.91430	3.74128	0.02840
22.95486	3.73201	0.02827
22.99543	3.72398	0.02852
23.03600	3.66945	0.02819
23.07656	3.71106	0.02867
23.11712	3.65535	0.02835
23.15769	3.66351	0.02867
23.19825	3.61395	0.02840
23.23881	3.58837	0.02842
23.27937	3.62635	0.02869
23.31993	3.62435	0.02879
23.36049	3.62020	0.02878
23.40105	3.60871	0.02888
23.44161	3.56598	0.02882
23.48217	3.58666	0.02888
23.52273	3.61730	0.02923
23.56328	3.53381	0.02881
23.60384	3.53599	0.02907
23.64439	3.52119	0.02881
23.68495	3.53141	0.02907
23.72550	3.54438	0.02913
23.76606	3.48252	0.02893
23.80661	3.47545	0.02883
23.84716	3.51382	0.02907
23.88772	3.46424	0.02892
23.92827	3.48063	0.02904
23.96882	3.46158	0.02907
24.00937	3.47242	0.02915
24.04992	3.44651	0.02918
24.09047	3.45416	0.02909
24.13102	3.43228	0.02921
24.17156	3.42715	0.02922
24.21211	3.44412	0.02938
24.25266	3.39465	0.02912
24.29320	3.42684	0.02946
24.33375	3.39956	0.02930
24.37429	3.34927	0.02919
24.41484	3.35489	0.02926
24.45538	3.32376	0.02928
24.49592	3.38269	0.02953
24.53646	3.32187	0.02929
24.57701	3.33515	0.02960
24.61755	3.33998	0.02951
24.65809	3.27048	0.02930
24.69863	3.34067	0.02953
24.73917	3.29020	0.02952
24.77970	3.30932	0.02943
24.82024	3.29909	0.02958
24.86078	3.25091	0.02935
24.90131	3.24260	0.02946
24.94185	3.27290	0.02953
24.98238	3.23033	0.02947
25.02292	3.23034	0.02957
25.06345	3.23132	0.02962
25.10399	3.18800	0.02945
25.14452	3.18456	0.02956
25.18505	3.15756	0.02944
25.22558	3.17585	0.02957
25.26611	3.12765	0.02943
25.30664	3.15934	0.02955
25.34717	3.13973	0.02961
25.38770	3.11247	0.02936
25.42823	3.09550	0.02945
25.46875	3.08485	0.03000
25.50928	3.09609	0.03034
25.54981	3.04095	0.03037
25.59033	3.10331	0.03100
25.63086	3.09767	0.03113
25.67138	3.04732	0.03108
25.71190	3.04884	0.03141
25.75243	3.05979	0.03154
25.79295	3.04474	0.03177
25.83347	3.01207	0.03173
25.87399	3.03004	0.03204
25.91451	3.01358	0.03217
25.95503	3.00979	0.03235
25.99555	2.92978	0.03207
26.03607	2.95310	0.03249
26.07658	2.97409	0.03266
26.11710	3.02100	0.03308
26.15762	2.96602	0.03300
26.19813	2.89816	0.03276
26.23865	2.93475	0.03303
26.27916	2.91762	0.03312
26.31967	2.96954	0.03355
26.36018	2.96232	0.03375
26.40070	2.95944	0.03380
26.44121	2.89930	0.03388
26.48172	2.84458	0.03360
26.52223	2.86370	0.03390
26.56274	2.89023	0.03441
26.60325	2.90541	0.03449
26.64375	2.84553	0.03440
26.68426	2.84348	0.03460
26.72477	2.86037	0.03484
26.76527	2.78722	0.03448
26.80578	2.73986	0.03445
26.84628	227.75165	0.31509
26.88678	2.83672	0.03541
26.92729	2.73758	0.03497
26.96779	2.74824	0.03550
27.00829	2.66281	0.03493
27.04879	2.56869	0.03437
27.08929	2.60240	0.03500
27.12979	2.59118	0.03498
27.17029	2.57070	0.03516
27.21079	2.49597	0.03475
27.25129	2.45299	0.03463
27.29178	2.50722	0.03531
27.33228	2.50546	0.03546
27.37277	2.51297	0.03587
27.41327	2.44733	0.03551
27.45376	2.50469	0.03610
27.49425	2.43305	0.03575
27.53475	2.44072	0.03605
27.57524	2.39623	0.03578
27.61573	2.40877	0.03604
27.65622	2.32693	0.03550
27.69671	2.28293	0.03520
27.73720	2.29484	0.03565
27.77769	2.19104	0.03486
27.81817	2.19473	0.03506
27.85866	2.13323	0.03492
27.89914	2.04640	0.03429
27.93963	1.98431	0.03396
27.98011	1.91963	0.03384
28.02060	1.80362	0.03280
28.06108	1.77324	0.03268
28.10156	1.64299	0.03176
28.14204	1.64617	0.03201
28.18253	1.57324	0.03140
28.22301	1.54052	0.03153
28.26349	1.50170	0.03119
28.30396	1.40898	0.03049
28.34444	1.44342	0.03121
28.38492	1.30719	0.02972
28.42540	1.37562	0.03079
28.46587	1.33352	0.03046
28.50635	1.28268	0.02996
28.54682	1.26666	0.03023
28.58729	1.18011	0.02932
28.62777	1.11051	0.02874
28.66824	1.06831	0.02842
28.70871	0.94433	0.02694
28.74918	0.83083	0.02549
28.78965	0.71253	0.02382
28.83012	0.61896	0.02223
28.87059	0.52280	0.02062
28.91105	0.46723	0.01963
28.95152	0.46444	0.01981
28.99199	0.40038	0.01855
29.03245	0.37833	0.01822
29.07292	0.34907	0.01776
29.11338	0.31824	0.01705
29.15384	0.27269	0.01592
29.19431	0.30124	0.01683
29.23477	0.27191	0.01621
29.27523	0.23200	0.01492
29.31569	0.21700	0.01475
29.35615	0.16918	0.01316
29.39661	0.14849	0.01241
29.43706	0.14017	0.01215
29.47752	0.10632	0.01069
29.51798	0.08603	0.00969
29.55843	0.07768	0.00921
29.59889	0.07174	0.00893
29.63934	0.06234	0.00827
29.67979	0.05176	0.00766
29.72025	0.06262	0.00848
29.76070	0.05079	0.00771
29.80115	0.04328	0.00714
29.84160	0.04193	0.00713
29.88205	0.04615	0.00750
29.92250	0.03616	0.00672
29.96294	0.04035	0.00710
30.00339	0.03569	0.00676
30.04384	0.03378	0.00667
30.08428	0.03432	0.00677
30.12473	0.04156	0.00757
30.16517	0.04557	0.00801
30.20562	0.05619	0.00899
30.24606	0.03318	0.00702
30.28650	0.03924	0.00757
30.32694	0.05227	0.00888
30.36738	0.04158	0.00802
30.40782	0.02507	0.00633
30.44826	0.02765	0.00675
30.48870	0.04158	0.00837
30.52913	0.02743	0.00693
30.56957	0.03607	0.00803
30.61000	0.05601	0.01000
30.65044	0.05727	0.01023
30.69087	0.03394	0.00801
30.73130	0.03712	0.00851
30.77174	0.02990	0.00783
30.81217	0.04023	0.00921
30.85260	0.02679	0.00762
30.89303	0.04757	0.01030
30.93346	0.01796	0.00640
30.97388	0.03151	0.00858
31.01431	0.05186	0.01122
31.05474	0.04573	0.01079
31.09516	0.03274	0.00931
31.13559	0.04051	0.01059
31.17601	0.02902	0.00912
31.21644	0.04749	0.01196
31.25686	0.03154	0.00991
31.29728	0.03256	0.01023
31.33770	0.02557	0.00910
31.37812	0.06217	0.01464
31.41854	0.01972	0.00830
31.45896	0.04614	0.01310
31.49938	0.04258	0.01268
31.53979	0.04967	0.01410
31.58021	0.03703	0.01232
31.62062	0.06814	0.01714
31.66104	0.04950	0.01473
31.70145	0.03694	0.01314
31.74187	0.05382	0.01601
31.78228	0.02833	0.01190
31.82269	0.03421	0.01314
31.86310	0.04148	0.01474
31.90351	0.03669	0.01408
31.94392	0.02462	0.01157
31.98432	0.05117	0.01700
32.02473	0.01976	0.01072
32.06514	0.02022	0.01097
32.10554	0.02751	0.01291
32.14595	0.02158	0.01169
32.18635	0.08777	0.02380
32.22675	0.05335	0.01892
32.26716	0.02401	0.01300
32.30756	0.02430	0.01317
32.34796	0.00847	0.00795
32.38836	0.06166	0.02186
32.42875	-0.02722	NaN
32.46915	0.02891	0.01565
32.50955	0.03955	0.01854
32.54995	0.00000	0.00000
32.59034	0.03221	0.01743
32.63074	0.02277	0.01509
32.67113	0.03527	0.01907
32.71152	0.01224	0.01147
32.75191	0.03929	0.02125
32.79230	0.01392	0.01303
32.83269	0.01464	0.01370
32.87308	0.01585	0.01484
32.91347	0.01681	0.01572
32.95386	0.03627	0.02399
32.99425	0.07876	0.03685
33.03463	0.06345	0.03428
33.07502	0.02332	0.02181
33.11540	0.00000	0.00000
33.15579	0.00000	0.00000
33.19617	0.00000	0.00000
33.23655	0.00000	0.00000
33.27693	0.00000	0.00000
33.31731	0.00000	0.00000
33.35769	0.00000	0.00000
33.39807	0.00000	0.00000
33.43845	0.00000	0.00000
33.47882	0.00000	0.00000
