Scan Type;	Radial q(nm-1)
Image Path;	\\192.168.95.140\dataInt\bl19b2_260214\dat001\104_ym_40d_10s.tif
Energy(KeV);	24.999919
Detector;	2M
Detector set;	Normal
Direct x;	684.835468
Direct y;	781.415495
Camera distance(mm);	756.0
Tilt Hor plane(deg);	0.0
Tilt Ver plane(deg);	0.0
Rot In plane(deg);	0.0
tth(deg);	0.0
tthz(deg);	0.0
Radial start(deg);	0.00582540044823995
Radial end(deg);	15.20282078832488
Azimuth start(deg);	-180.0
Azimuth end(deg);	180.0
Other side of Azimuth;	OFF
Polarization;	ON
Mask use;	OFF
Absorption;	0.713327
Monitor;	11062.6
Data points;	825
//------------------------------//
0.05361	0.25000	0.12500
0.09435	0.34483	0.10904
0.13508	0.41464	0.10056
0.17581	0.60715	0.10412
0.21655	0.37314	0.07463
0.25728	0.51250	0.08004
0.29801	0.50562	0.07537
0.33875	0.48114	0.06737
0.37948	0.60346	0.07213
0.42021	1.92371	0.12118
0.46095	6.96497	0.22147
0.50168	18.50381	0.34551
0.54241	26.60099	0.40152
0.58315	26.21539	0.37953
0.62388	25.54380	0.36861
0.66461	24.44094	0.34362
0.70534	23.92811	0.33130
0.74608	23.48425	0.31954
0.78681	22.98938	0.30822
0.82754	22.74005	0.30040
0.86828	22.19609	0.28779
0.90901	21.87816	0.27854
0.94974	22.21679	0.27490
0.99047	22.08244	0.27086
1.03121	22.56065	0.26511
1.07194	22.45912	0.26128
1.11267	22.95079	0.25943
1.15341	23.47036	0.25605
1.19414	23.32296	0.25209
1.23487	23.92082	0.25024
1.27560	24.30188	0.24835
1.31634	24.91246	0.25019
1.35707	26.24297	0.24937
1.39780	26.96070	0.25550
1.43853	28.60999	0.26416
1.47927	29.62222	0.27078
1.52000	31.35015	0.27822
1.56073	33.85588	0.28842
1.60146	37.30804	0.30314
1.64220	41.40837	0.31437
1.68293	48.80555	0.34335
1.72366	60.36695	0.37295
1.76439	93.70210	0.47121
1.80512	215.98854	0.70627
1.84586	842.26338	1.38830
1.88659	2356.47421	2.31686
1.92732	930.95351	1.42727
1.96805	288.56190	0.76121
2.00878	104.88395	0.45528
2.04952	65.90764	0.35198
2.09025	51.28693	0.30537
2.13098	42.66939	0.27457
2.17171	38.29789	0.25499
2.21244	34.86312	0.24247
2.25318	31.83721	0.22606
2.29391	30.32741	0.22206
2.33464	28.45049	0.20970
2.37537	27.06685	0.20422
2.41610	26.01905	0.19692
2.45683	25.72490	0.19267
2.49756	24.78202	0.18938
2.53829	23.97146	0.18323
2.57903	23.68960	0.18164
2.61976	23.82214	0.17979
2.66049	23.42428	0.17637
2.70122	23.43148	0.17524
2.74195	23.08783	0.17172
2.78268	23.12978	0.17111
2.82341	23.39434	0.17133
2.86414	23.75693	0.17021
2.90487	24.38678	0.17224
2.94560	24.66872	0.17006
2.98633	25.52344	0.17349
3.02706	26.54007	0.17426
3.06779	28.10722	0.17974
3.10852	30.77057	0.18511
3.14925	34.43668	0.19464
3.18998	42.21067	0.21373
3.23071	57.27253	0.24750
3.27144	79.22803	0.28864
3.31217	167.90253	0.41952
3.35290	405.96313	0.64693
3.39363	317.26178	0.56782
3.43436	117.82452	0.34291
3.47509	58.41887	0.24050
3.51582	45.81805	0.21184
3.55655	40.46308	0.19782
3.59728	38.42888	0.19186
3.63801	38.15004	0.18891
3.67874	39.53409	0.19231
3.71946	45.70522	0.20449
3.76019	59.21487	0.23255
3.80092	63.11467	0.23792
3.84165	48.29656	0.20775
3.88238	37.87319	0.18211
3.92311	32.15147	0.16735
3.96384	30.44424	0.16138
4.00456	29.52753	0.15873
4.04529	29.09571	0.15610
4.08602	29.42367	0.15685
4.12675	30.17708	0.15715
4.16747	32.22740	0.16286
4.20820	37.21929	0.17715
4.24893	49.35825	0.20487
4.28966	65.20591	0.23699
4.33038	60.62541	0.22744
4.37111	43.97992	0.19455
4.41184	32.29850	0.16766
4.45257	26.97135	0.15177
4.49329	24.44280	0.14479
4.53402	23.02846	0.14090
4.57475	22.10489	0.13804
4.61547	21.40860	0.13527
4.65620	20.84486	0.13359
4.69692	20.49764	0.13230
4.73765	20.30753	0.12993
4.77838	19.96602	0.12628
4.81910	19.72760	0.12362
4.85983	19.46573	0.12317
4.90055	19.56361	0.12124
4.94128	19.58586	0.12085
4.98200	19.48946	0.11975
5.02273	19.60478	0.11936
5.06346	19.70728	0.11929
5.10418	19.46776	0.11754
5.14490	19.75882	0.11817
5.18563	20.18819	0.11832
5.22635	20.20112	0.11799
5.26708	20.64635	0.11851
5.30780	20.78047	0.11841
5.34853	21.32726	0.11964
5.38925	21.64897	0.11978
5.42997	22.27088	0.12041
5.47070	23.04386	0.12248
5.51142	24.23197	0.12710
5.55215	25.73412	0.13182
5.59287	27.77037	0.13721
5.63359	30.81489	0.14538
5.67432	34.41167	0.15202
5.71504	35.88403	0.15721
5.75576	35.16468	0.15180
5.79648	32.33171	0.14373
5.83721	29.60143	0.13662
5.87793	27.86401	0.13111
5.91865	26.92246	0.12879
5.95937	26.11645	0.12547
6.00009	25.78886	0.12498
6.04082	25.52328	0.12389
6.08154	25.43622	0.12319
6.12226	25.43014	0.12260
6.16298	25.45113	0.12189
6.20370	26.00447	0.12292
6.24442	26.02601	0.12262
6.28514	26.31958	0.12205
6.32586	27.10229	0.12445
6.36658	28.84796	0.12691
6.40730	33.57316	0.13661
6.44802	42.39009	0.15266
6.48874	42.22425	0.15207
6.52946	35.75876	0.13982
6.57018	34.14505	0.13560
6.61090	33.97261	0.13497
6.65162	35.42436	0.13709
6.69234	39.60537	0.14472
6.73306	42.26366	0.14864
6.77378	38.22481	0.14099
6.81450	33.30702	0.13140
6.85521	31.28038	0.12675
6.89593	30.37562	0.12408
6.93665	29.76566	0.12252
6.97737	29.39799	0.12124
7.01809	29.22660	0.12058
7.05880	28.80910	0.11889
7.09952	28.88997	0.11906
7.14024	28.82213	0.11769
7.18095	28.72823	0.11812
7.22167	29.14310	0.11769
7.26239	29.72366	0.11906
7.30310	29.89325	0.11928
7.34382	30.53192	0.12012
7.38454	30.94639	0.12006
7.42525	31.53066	0.12167
7.46597	32.20812	0.12237
7.50668	31.96320	0.12293
7.54740	31.40031	0.12272
7.58811	30.29528	0.12127
7.62883	29.69165	0.12000
7.66954	28.92658	0.11902
7.71026	28.66607	0.11794
7.75097	28.31873	0.11814
7.79168	27.87604	0.11698
7.83240	27.71327	0.11675
7.87311	27.51293	0.11582
7.91383	27.39320	0.11577
7.95454	27.20357	0.11568
7.99525	27.31369	0.11582
8.03596	26.99537	0.11450
8.07668	26.97430	0.11291
8.11739	26.75178	0.11121
8.15810	26.87696	0.11093
8.19881	26.82664	0.11040
8.23953	26.74949	0.10916
8.28024	26.98892	0.10994
8.32095	26.88936	0.10829
8.36166	26.88162	0.10858
8.40237	27.06615	0.10817
8.44308	27.03209	0.10811
8.48379	27.47217	0.10912
8.52450	27.39141	0.10937
8.56521	27.81482	0.11119
8.60592	27.83226	0.11127
8.64663	28.06169	0.11136
8.68734	28.29263	0.11229
8.72805	28.35133	0.11183
8.76876	28.94584	0.11172
8.80947	29.25252	0.11073
8.85017	29.98302	0.11233
8.89088	30.93677	0.11300
8.93159	32.09257	0.11583
8.97230	33.36926	0.11723
9.01301	35.73567	0.12026
9.05371	38.80394	0.12562
9.09442	44.53580	0.13374
9.13513	54.33633	0.14707
9.17583	65.05471	0.16074
9.21654	67.82630	0.16351
9.25725	63.42930	0.15750
9.29795	57.56745	0.14912
9.33866	53.47569	0.14422
9.37936	49.91714	0.13811
9.42007	47.63735	0.13479
9.46077	45.69991	0.13098
9.50148	43.58713	0.12794
9.54218	42.11817	0.12497
9.58289	41.06733	0.12278
9.62359	40.02073	0.12132
9.66429	39.57251	0.12031
9.70500	39.04986	0.11875
9.74570	38.25049	0.11764
9.78640	37.41208	0.11574
9.82711	36.36666	0.11487
9.86781	35.72804	0.11304
9.90851	35.32238	0.11260
9.94921	34.83618	0.11109
9.98991	34.30529	0.11030
10.03061	33.84217	0.10914
10.07132	33.88271	0.10915
10.11202	33.49244	0.10846
10.15272	33.63939	0.10789
10.19342	33.78564	0.10799
10.23412	33.87784	0.10793
10.27482	34.17555	0.10891
10.31552	33.71030	0.10939
10.35622	32.86343	0.10826
10.39692	31.92514	0.10668
10.43761	31.26145	0.10606
10.47831	30.42997	0.10476
10.51901	29.77447	0.10375
10.55971	29.38496	0.10277
10.60041	28.72695	0.10197
10.64110	28.26014	0.10126
10.68180	27.83453	0.10024
10.72250	27.65316	0.10057
10.76319	27.18012	0.09913
10.80389	26.63588	0.09820
10.84459	26.31857	0.09573
10.88528	25.98878	0.09511
10.92598	25.79423	0.09405
10.96667	25.54558	0.09314
11.00737	25.14427	0.09193
11.04806	24.79265	0.09112
11.08876	24.69565	0.09029
11.12945	24.47947	0.08966
11.17014	24.38475	0.08969
11.21084	24.04471	0.08847
11.25153	23.87368	0.08796
11.29222	23.74015	0.08737
11.33292	23.87151	0.08708
11.37361	23.53058	0.08676
11.41430	23.43610	0.08573
11.45499	23.44945	0.08608
11.49568	23.20409	0.08467
11.53637	23.11205	0.08488
11.57706	23.10483	0.08425
11.61776	22.98865	0.08414
11.65845	22.88657	0.08358
11.69914	23.03544	0.08361
11.73982	22.81505	0.08282
11.78051	22.75121	0.08282
11.82120	22.81721	0.08291
11.86189	22.83240	0.08284
11.90258	22.87438	0.08236
11.94327	22.86273	0.08256
11.98396	22.84734	0.08176
12.02464	22.88869	0.08229
12.06533	22.99487	0.08183
12.10602	23.16354	0.08237
12.14670	23.15644	0.08194
12.18739	23.17387	0.08196
12.22808	23.02276	0.08155
12.26876	23.06763	0.08155
12.30945	23.09522	0.08128
12.35013	23.02413	0.08113
12.39082	23.15158	0.08115
12.43150	23.13436	0.08092
12.47218	23.11147	0.08070
12.51287	23.23107	0.08105
12.55355	23.28862	0.08062
12.59423	23.11908	0.08011
12.63492	23.43193	0.08058
12.67560	23.36089	0.08056
12.71628	23.30344	0.08011
12.75696	23.39520	0.08009
12.79764	23.31020	0.07985
12.83832	23.35867	0.07961
12.87901	23.65849	0.08016
12.91969	23.62917	0.07989
12.96037	23.76829	0.08013
13.00105	23.88621	0.08010
13.04172	23.75829	0.07954
13.08240	24.03330	0.08002
13.12308	24.02639	0.07987
13.16376	24.14243	0.07977
13.20444	24.25728	0.07992
13.24512	24.36351	0.07995
13.28579	24.50768	0.08010
13.32647	24.56296	0.07999
13.36715	24.70409	0.08007
13.40782	24.78769	0.07981
13.44850	25.04878	0.08017
13.48917	24.98101	0.07980
13.52985	25.02729	0.08004
13.57052	25.21957	0.08069
13.61120	25.26146	0.08136
13.65187	25.61791	0.08199
13.69255	25.56458	0.08247
13.73322	25.80976	0.08262
13.77389	26.01064	0.08329
13.81457	26.13484	0.08364
13.85524	26.15711	0.08375
13.89591	26.48318	0.08423
13.93658	26.54356	0.08478
13.97725	26.75421	0.08490
14.01793	26.89503	0.08509
14.05860	27.11692	0.08549
14.09927	27.31320	0.08550
14.13994	27.43900	0.08487
14.18061	27.64848	0.08444
14.22127	28.02347	0.08504
14.26194	28.22269	0.08464
14.30261	28.42427	0.08488
14.34328	28.51022	0.08476
14.38395	28.63242	0.08495
14.42461	28.96614	0.08484
14.46528	29.13247	0.08494
14.50595	29.35948	0.08506
14.54661	29.60840	0.08539
14.58728	29.92104	0.08551
14.62795	30.24088	0.08581
14.66861	30.18996	0.08545
14.70928	30.62706	0.08567
14.74994	30.72796	0.08585
14.79060	30.93807	0.08610
14.83127	31.14402	0.08602
14.87193	31.26457	0.08590
14.91259	31.56668	0.08637
14.95325	31.80641	0.08639
14.99392	32.09906	0.08676
15.03458	32.27834	0.08662
15.07524	32.46749	0.08703
15.11590	32.71014	0.08697
15.15656	32.86931	0.08730
15.19722	33.14205	0.08730
15.23788	33.35544	0.08766
15.27854	33.61677	0.08762
15.31920	33.78490	0.08798
15.35986	34.22966	0.08832
15.40052	34.25865	0.08791
15.44117	34.53457	0.08846
15.48183	34.86539	0.08841
15.52249	35.06206	0.08897
15.56314	35.19920	0.08863
15.60380	35.29212	0.08890
15.64445	35.53140	0.08869
15.68511	35.63539	0.08890
15.72577	35.87846	0.08896
15.76642	36.22157	0.08943
15.80707	36.31854	0.08939
15.84773	36.58423	0.08931
15.88838	36.80303	0.08947
15.92903	37.03273	0.08981
15.96969	37.18436	0.08989
16.01034	37.39227	0.08981
16.05099	37.37320	0.08937
16.09164	37.66810	0.08997
16.13229	37.93396	0.09012
16.17294	37.87429	0.08963
16.21359	38.07824	0.08974
16.25424	38.30754	0.08997
16.29489	38.37183	0.09028
16.33554	38.55469	0.09095
16.37619	38.81839	0.09180
16.41683	38.71671	0.09186
16.45748	39.05619	0.09239
16.49813	38.99048	0.09279
16.53878	39.47270	0.09336
16.57942	39.36976	0.09333
16.62007	39.48047	0.09333
16.66071	39.34250	0.09362
16.70136	39.78442	0.09390
16.74200	39.74507	0.09418
16.78265	39.98393	0.09423
16.82329	40.09747	0.09446
16.86393	40.06028	0.09346
16.90457	40.02854	0.09301
16.94522	40.36050	0.09309
16.98586	40.23521	0.09212
17.02650	40.48021	0.09268
17.06714	40.66347	0.09224
17.10778	40.74317	0.09246
17.14842	40.90087	0.09208
17.18906	41.07382	0.09220
17.22970	41.05930	0.09198
17.27034	41.07886	0.09163
17.31098	41.25555	0.09184
17.35161	41.37111	0.09141
17.39225	41.60295	0.09214
17.43289	41.85202	0.09167
17.47352	41.91511	0.09165
17.51416	42.09386	0.09172
17.55480	42.18590	0.09190
17.59543	42.59343	0.09198
17.63607	42.77348	0.09188
17.67670	43.21384	0.09254
17.71733	43.60762	0.09239
17.75797	44.22347	0.09364
17.79860	44.84410	0.09355
17.83923	45.55341	0.09431
17.87986	46.39115	0.09501
17.92050	47.63309	0.09620
17.96113	49.25255	0.09767
18.00176	51.30668	0.09950
18.04239	54.04428	0.10221
18.08302	56.51080	0.10382
18.12365	57.85779	0.10546
18.16427	58.31732	0.10539
18.20490	58.40555	0.10561
18.24553	58.69495	0.10529
18.28616	58.87950	0.10558
18.32678	59.02114	0.10551
18.36741	58.66413	0.10493
18.40804	57.92211	0.10430
18.44866	56.56996	0.10230
18.48929	55.04551	0.10133
18.52991	53.68222	0.09986
18.57053	52.64517	0.09866
18.61116	51.13236	0.09699
18.65178	49.93745	0.09561
18.69240	48.98538	0.09500
18.73302	47.87609	0.09343
18.77365	46.89689	0.09258
18.81427	46.10257	0.09128
18.85489	45.20613	0.09083
18.89551	44.18934	0.08950
18.93613	43.77159	0.08898
18.97675	43.10179	0.08810
19.01736	42.58808	0.08754
19.05798	41.84692	0.08678
19.09860	41.30276	0.08598
19.13922	40.84389	0.08539
19.17983	40.26296	0.08454
19.22045	39.86380	0.08431
19.26106	39.02574	0.08309
19.30168	38.63259	0.08262
19.34229	38.09054	0.08178
19.38291	37.49637	0.08132
19.42352	37.05239	0.08061
19.46414	36.75535	0.08012
19.50475	36.07366	0.07932
19.54536	35.48593	0.07893
19.58597	35.20080	0.07994
19.62658	34.91685	0.08013
19.66719	34.48884	0.08009
19.70780	34.08651	0.07996
19.74841	33.78505	0.08033
19.78902	33.28831	0.07954
19.82963	33.04090	0.07995
19.87024	32.80048	0.07954
19.91085	32.51565	0.07988
19.95145	32.16830	0.07956
19.99206	31.93347	0.07904
20.03266	31.79631	0.07947
20.07327	31.51198	0.07879
20.11387	30.97243	0.07777
20.15448	30.85333	0.07694
20.19508	30.73221	0.07685
20.23569	30.29520	0.07619
20.27629	30.28948	0.07589
20.31689	30.04610	0.07574
20.35749	29.85602	0.07496
20.39809	29.64097	0.07512
20.43870	29.41330	0.07441
20.47930	29.36763	0.07460
20.51989	29.10259	0.07393
20.56049	28.94576	0.07397
20.60109	28.89025	0.07371
20.64169	28.81709	0.07364
20.68229	28.41707	0.07298
20.72289	28.42123	0.07300
20.76348	28.23806	0.07302
20.80408	28.08276	0.07243
20.84467	27.93496	0.07242
20.88527	27.88306	0.07205
20.92586	27.56579	0.07212
20.96646	27.63024	0.07164
21.00705	27.36594	0.07151
21.04764	27.34345	0.07115
21.08823	27.10705	0.07104
21.12883	27.03641	0.07083
21.16942	27.00474	0.07054
21.21001	26.87754	0.07067
21.25060	26.63788	0.06999
21.29119	26.72261	0.07041
21.33177	26.59949	0.06978
21.37236	26.49589	0.06991
21.41295	26.46054	0.06970
21.45354	26.34301	0.06972
21.49412	26.32413	0.06941
21.53471	26.35568	0.06946
21.57530	26.16734	0.06931
21.61588	26.14098	0.06917
21.65647	26.15034	0.06917
21.69705	26.00445	0.06871
21.73763	25.95120	0.06902
21.77822	25.89531	0.06862
21.81880	25.85783	0.06881
21.85938	25.73990	0.06835
21.89996	25.71238	0.06862
21.94054	25.64547	0.06836
21.98112	25.57638	0.06804
22.02170	25.60760	0.06825
22.06228	25.47298	0.06789
22.10286	25.46612	0.06810
22.14343	25.47905	0.06764
22.18401	25.47905	0.06799
22.22459	25.28839	0.06734
22.26516	25.39201	0.06809
22.30574	25.36856	0.06845
22.34631	25.18697	0.06877
22.38689	25.26940	0.06879
22.42746	25.14060	0.06885
22.46803	25.03801	0.06926
22.50861	25.05970	0.06998
22.54918	25.06917	0.07067
22.58975	24.96996	0.07058
22.63032	25.09045	0.07136
22.67089	24.99337	0.07162
22.71146	24.89072	0.07189
22.75203	24.91166	0.07207
22.79260	24.84117	0.07245
22.83317	24.84162	0.07269
22.87373	24.66970	0.07255
22.91430	24.69541	0.07297
22.95486	24.79336	0.07286
22.99543	24.66423	0.07341
23.03600	24.70820	0.07316
23.07656	24.64438	0.07388
23.11712	24.56498	0.07350
23.15769	24.67445	0.07441
23.19825	24.52014	0.07397
23.23881	24.64362	0.07447
23.27937	24.65329	0.07479
23.31993	24.51500	0.07488
23.36049	24.56414	0.07496
23.40105	24.46829	0.07521
23.44161	24.45090	0.07546
23.48217	24.35983	0.07526
23.52273	24.40148	0.07591
23.56328	24.41374	0.07573
23.60384	24.41893	0.07640
23.64439	24.33622	0.07574
23.68495	24.27527	0.07622
23.72550	24.42899	0.07648
23.76606	24.31664	0.07645
23.80661	24.49849	0.07654
23.84716	24.37722	0.07656
23.88772	24.17587	0.07639
23.92827	24.07906	0.07639
23.96882	24.11568	0.07672
24.00937	24.09785	0.07680
24.04992	24.22426	0.07737
24.09047	24.22847	0.07704
24.13102	24.15963	0.07749
24.17156	24.10580	0.07750
24.21211	24.07032	0.07766
24.25266	23.95687	0.07735
24.29320	24.05940	0.07806
24.33375	23.90979	0.07771
24.37429	23.89772	0.07796
24.41484	23.90494	0.07810
24.45538	24.01230	0.07869
24.49592	24.01253	0.07869
24.53646	24.00221	0.07873
24.57701	24.15688	0.07967
24.61755	23.91916	0.07896
24.65809	24.04255	0.07945
24.69863	23.75081	0.07875
24.73917	23.93984	0.07963
24.77970	24.04878	0.07932
24.82024	23.77413	0.07940
24.86078	23.90640	0.07959
24.90131	23.90055	0.07998
24.94185	23.81400	0.07967
24.98238	23.80759	0.08000
25.02292	23.80132	0.08026
25.06345	23.75561	0.08031
25.10399	23.88269	0.08061
25.14452	23.83673	0.08087
25.18505	23.86221	0.08092
25.22558	23.84735	0.08104
25.26611	24.01321	0.08156
25.30664	24.04298	0.08151
25.34717	23.77709	0.08150
25.38770	23.76067	0.08112
25.42823	23.79634	0.08165
25.46875	23.79886	0.08332
25.50928	23.88856	0.08428
25.54981	23.81021	0.08498
25.59033	23.86390	0.08597
25.63086	23.78730	0.08626
25.67138	23.99448	0.08721
25.71190	23.83430	0.08783
25.75243	23.95876	0.08825
25.79295	23.91704	0.08905
25.83347	23.87357	0.08933
25.87399	23.98841	0.09015
25.91451	23.91959	0.09063
25.95503	24.02993	0.09141
25.99555	24.03620	0.09187
26.03607	24.00604	0.09263
26.07658	24.06715	0.09289
26.11710	23.90701	0.09305
26.15762	23.86540	0.09362
26.19813	24.02441	0.09433
26.23865	23.98499	0.09443
26.27916	23.93968	0.09489
26.31967	23.98114	0.09534
26.36018	24.20158	0.09648
26.40070	24.15111	0.09655
26.44121	24.24917	0.09798
26.48172	24.13882	0.09787
26.52223	24.07532	0.09829
26.56274	24.29489	0.09976
26.60325	24.33410	0.09980
26.64375	24.25817	0.10045
26.68426	24.56997	0.10171
26.72477	24.68624	0.10234
26.76527	24.81087	0.10286
26.80578	25.43250	0.10495
26.84628	350.90376	0.39111
26.88678	25.13921	0.10542
26.92729	24.73163	0.10512
26.96779	24.22448	0.10539
27.00829	23.45059	0.10367
27.04879	23.14427	0.10318
27.08929	22.70582	0.10337
27.12979	22.64252	0.10339
27.17029	22.71997	0.10451
27.21079	22.70080	0.10480
27.25129	22.42876	0.10473
27.29178	22.66144	0.10615
27.33228	22.78740	0.10696
27.37277	22.58612	0.10754
27.41327	22.41285	0.10746
27.45376	22.54066	0.10829
27.49425	22.35506	0.10836
27.53475	22.59322	0.10968
27.57524	22.36520	0.10930
27.61573	22.36636	0.10981
27.65622	21.77366	0.10861
27.69671	21.32636	0.10757
27.73720	20.46318	0.10645
27.77769	19.78955	0.10477
27.81817	18.81307	0.10263
27.85866	17.80570	0.10090
27.89914	17.17255	0.09934
27.93963	16.67374	0.09843
27.98011	15.99860	0.09770
28.02060	15.09964	0.09492
28.06108	14.22491	0.09257
28.10156	13.46377	0.09091
28.14204	12.34526	0.08765
28.18253	11.55286	0.08508
28.22301	11.33209	0.08550
28.26349	10.81433	0.08369
28.30396	10.73141	0.08414
28.34444	10.53337	0.08431
28.38492	10.47393	0.08412
28.42540	10.00542	0.08304
28.46587	10.27185	0.08455
28.50635	10.17821	0.08440
28.54682	10.21172	0.08584
28.58729	9.76612	0.08434
28.62777	8.70473	0.08048
28.66824	7.25210	0.07404
28.70871	5.13573	0.06283
28.74918	3.72899	0.05400
28.78965	2.88004	0.04789
28.83012	2.13583	0.04130
28.87059	1.55897	0.03562
28.91105	1.26782	0.03234
28.95152	0.99648	0.02901
28.99199	0.78613	0.02600
29.03245	0.66513	0.02415
29.07292	0.52727	0.02182
29.11338	0.49452	0.02125
29.15384	0.42628	0.01990
29.19431	0.36811	0.01861
29.23477	0.33838	0.01808
29.27523	0.31375	0.01735
29.31569	0.34938	0.01872
29.35615	0.30650	0.01771
29.39661	0.27626	0.01693
29.43706	0.27240	0.01693
29.47752	0.24221	0.01614
29.51798	0.23038	0.01586
29.55843	0.21374	0.01528
29.59889	0.22875	0.01595
29.63934	0.21112	0.01522
29.67979	0.19308	0.01480
29.72025	0.16378	0.01372
29.76070	0.17976	0.01451
29.80115	0.18889	0.01492
29.84160	0.14200	0.01313
29.88205	0.20076	0.01564
29.92250	0.16830	0.01450
29.96294	0.16564	0.01438
30.00339	0.17709	0.01506
30.04384	0.15571	0.01431
30.08428	0.16387	0.01479
30.12473	0.16790	0.01522
30.16517	0.17456	0.01568
30.20562	0.16373	0.01535
30.24606	0.17580	0.01616
30.28650	0.13874	0.01424
30.32694	0.16537	0.01579
30.36738	0.14523	0.01499
30.40782	0.17153	0.01655
30.44826	0.19902	0.01811
30.48870	0.13588	0.01514
30.52913	0.12915	0.01503
30.56957	0.14409	0.01605
30.61000	0.15003	0.01637
30.65044	0.15781	0.01699
30.69087	0.13788	0.01614
30.73130	0.13987	0.01651
30.77174	0.13549	0.01666
30.81217	0.14438	0.01745
30.85260	0.14847	0.01795
30.89303	0.12524	0.01672
30.93346	0.14098	0.01794
30.97388	0.12849	0.01733
31.01431	0.10911	0.01627
31.05474	0.15151	0.01963
31.09516	0.10407	0.01659
31.13559	0.13700	0.01948
31.17601	0.14504	0.02039
31.21644	0.11175	0.01835
31.25686	0.16117	0.02241
31.29728	0.18085	0.02411
31.33770	0.14572	0.02172
31.37812	0.13988	0.02196
31.41854	0.10644	0.01929
31.45896	0.09219	0.01851
31.49938	0.10213	0.01963
31.53979	0.10831	0.02081
31.58021	0.09244	0.01946
31.62062	0.14111	0.02466
31.66104	0.11886	0.02283
31.70145	0.08450	0.01987
31.74187	0.08607	0.02025
31.78228	0.09606	0.02192
31.82269	0.09139	0.02148
31.86310	0.08295	0.02084
31.90351	0.05504	0.01725
31.94392	0.08005	0.02086
31.98432	0.07046	0.01995
32.02473	0.04608	0.01637
32.06514	0.12144	0.02689
32.10554	0.06875	0.02041
32.14595	0.10754	0.02609
32.18635	0.08041	0.02278
32.22675	0.08379	0.02371
32.26716	0.08800	0.02489
32.30756	0.10545	0.02745
32.34796	0.09316	0.02637
32.38836	0.07049	0.02338
32.42875	0.08194	0.02560
32.46915	0.05784	0.02214
32.50955	0.10874	0.03075
32.54995	0.03075	0.01664
32.59034	0.04295	0.02013
32.63074	0.09111	0.03018
32.67113	0.09397	0.03112
32.71152	0.06127	0.02567
32.75191	0.10481	0.03471
32.79230	0.08349	0.03191
32.83269	0.05847	0.02738
32.87308	0.11089	0.03924
32.91347	0.06714	0.03142
32.95386	0.01811	0.01696
32.99425	0.09843	0.04120
33.03463	0.00000	0.00000
33.07502	0.02334	0.02182
33.11540	0.02599	0.02430
33.15579	0.05864	0.03877
33.19617	0.06358	0.04203
33.23655	0.03691	0.03450
33.27693	0.00000	0.00000
33.31731	0.10907	0.07207
33.35769	0.00000	0.00000
33.39807	0.10416	0.09731
33.43845	0.00000	0.00000
33.47882	0.00000	0.00000
