Scan Type;	Radial q(nm-1)
Image Path;	\\192.168.95.140\dataInt\bl19b2_260214\dat001\105_ym_50d_10s.tif
Energy(KeV);	24.999919
Detector;	2M
Detector set;	Normal
Direct x;	684.835468
Direct y;	781.415495
Camera distance(mm);	756.0
Tilt Hor plane(deg);	0.0
Tilt Ver plane(deg);	0.0
Rot In plane(deg);	0.0
tth(deg);	0.0
tthz(deg);	0.0
Radial start(deg);	0.00582540044823995
Radial end(deg);	15.20282078832488
Azimuth start(deg);	-180.0
Azimuth end(deg);	180.0
Other side of Azimuth;	OFF
Polarization;	ON
Mask use;	OFF
Absorption;	0.709633
Monitor;	11070.2
Data points;	825
//------------------------------//
0.05361	0.25000	0.12500
0.09435	0.27586	0.09753
0.13508	0.48781	0.10908
0.17581	0.44643	0.08929
0.21655	0.31343	0.06840
0.25728	0.51250	0.08004
0.29801	0.73034	0.09059
0.33875	0.54718	0.07185
0.37948	0.48277	0.06451
0.42021	2.00768	0.12380
0.46095	8.64811	0.24678
0.50168	27.93637	0.42454
0.54241	40.07421	0.49282
0.58315	39.96323	0.46859
0.62388	36.76776	0.44224
0.66461	35.96814	0.41684
0.70534	34.48840	0.39775
0.74608	33.48495	0.38156
0.78681	32.43639	0.36611
0.82754	31.03045	0.35091
0.86828	31.17453	0.34106
0.90901	30.38969	0.32828
0.94974	30.48302	0.32200
0.99047	30.53864	0.31852
1.03121	31.04777	0.31100
1.07194	30.30827	0.30352
1.11267	30.41239	0.29864
1.15341	31.33480	0.29585
1.19414	31.59149	0.29339
1.23487	32.14229	0.29007
1.27560	32.50915	0.28725
1.31634	32.85136	0.28730
1.35707	34.20214	0.28469
1.39780	35.27512	0.29225
1.43853	36.52671	0.29848
1.47927	37.93152	0.30641
1.52000	40.81968	0.31747
1.56073	43.85415	0.32825
1.60146	46.30122	0.33770
1.64220	51.52887	0.35069
1.68293	56.59342	0.36973
1.72366	65.90137	0.38967
1.76439	80.69415	0.43729
1.80512	106.81527	0.49668
1.84586	188.81667	0.65732
1.88659	1004.62968	1.51276
1.92732	1894.35973	2.03598
1.96805	641.70300	1.13515
2.00878	204.36692	0.63552
2.04952	123.35872	0.48154
2.09025	89.85951	0.40420
2.13098	70.12549	0.35199
2.17171	59.31245	0.31733
2.21244	52.88788	0.29864
2.25318	47.13118	0.27505
2.29391	43.01244	0.26446
2.33464	39.09467	0.24581
2.37537	36.11030	0.23588
2.41610	33.95040	0.22494
2.45683	32.86594	0.21777
2.49756	31.72815	0.21428
2.53829	30.50331	0.20669
2.57903	29.95387	0.20425
2.61976	28.92558	0.19811
2.66049	28.77169	0.19547
2.70122	28.36915	0.19282
2.74195	28.38772	0.19041
2.78268	27.91034	0.18796
2.82341	28.42813	0.18886
2.86414	28.56059	0.18663
2.90487	29.17406	0.18839
2.94560	29.19526	0.18500
2.98633	30.41919	0.18940
3.02706	31.74152	0.19057
3.06779	33.65727	0.19669
3.10852	36.94472	0.20283
3.14925	42.17871	0.21541
3.18998	52.70323	0.23883
3.23071	68.34838	0.27037
3.27144	90.02650	0.30768
3.31217	205.42764	0.46404
3.35290	419.55332	0.65767
3.39363	266.69501	0.52061
3.43436	93.11725	0.30485
3.47509	57.70510	0.23903
3.51582	47.82014	0.21642
3.55655	43.22163	0.20445
3.59728	40.24594	0.19634
3.63801	38.21262	0.18907
3.67874	36.93163	0.18587
3.71946	36.67160	0.18317
3.76019	37.20098	0.18432
3.80092	43.48756	0.19749
3.84165	54.30317	0.22029
3.88238	47.26011	0.20343
3.92311	38.35032	0.18277
3.96384	34.76307	0.17245
4.00456	33.12509	0.16812
4.04529	32.14120	0.16407
4.08602	32.25061	0.16421
4.12675	32.17641	0.16227
4.16747	32.68522	0.16402
4.20820	34.47138	0.17049
4.24893	39.35528	0.18294
4.28966	52.84991	0.21336
4.33038	61.25831	0.22862
4.37111	48.16402	0.20359
4.41184	36.24540	0.17761
4.45257	30.76414	0.16209
4.49329	27.94495	0.15481
4.53402	26.45539	0.15102
4.57475	25.23145	0.14748
4.61547	24.20421	0.14383
4.65620	23.79665	0.14274
4.69692	22.93334	0.13994
4.73765	22.52100	0.13682
4.77838	22.16883	0.13307
4.81910	21.54872	0.12920
4.85983	21.60223	0.12976
4.90055	21.57495	0.12732
4.94128	21.25700	0.12590
4.98200	21.27643	0.12512
5.02273	20.97461	0.12346
5.06346	21.00321	0.12315
5.10418	21.46428	0.12342
5.14490	21.37048	0.12289
5.18563	21.50314	0.12211
5.22635	21.31666	0.12121
5.26708	21.47916	0.12088
5.30780	21.94919	0.12170
5.34853	21.96962	0.12143
5.38925	22.18368	0.12125
5.42997	22.43917	0.12087
5.47070	23.03803	0.12247
5.51142	23.24831	0.12449
5.55215	24.00237	0.12731
5.59287	24.29595	0.12834
5.63359	25.11698	0.13125
5.67432	26.13963	0.13250
5.71504	27.84771	0.13849
5.75576	30.18376	0.14064
5.79648	31.15961	0.14110
5.83721	30.61716	0.13894
5.87793	29.50319	0.13491
5.91865	28.67592	0.13292
5.95937	28.32517	0.13067
6.00009	28.32745	0.13099
6.04082	28.10689	0.13001
6.08154	27.80723	0.12881
6.12226	28.30487	0.12934
6.16298	28.52548	0.12904
6.20370	28.58473	0.12888
6.24442	29.14422	0.12976
6.28514	29.47140	0.12915
6.32586	30.65127	0.13234
6.36658	33.67561	0.13712
6.40730	41.06106	0.15108
6.44802	44.92485	0.15715
6.48874	39.18266	0.14649
6.52946	36.31161	0.14090
6.57018	35.71669	0.13869
6.61090	36.10619	0.13914
6.65162	37.53744	0.14112
6.69234	41.01574	0.14728
6.73306	40.55578	0.14560
6.77378	36.13045	0.13707
6.81450	33.26607	0.13132
6.85521	32.00435	0.12821
6.89593	31.39288	0.12614
6.93665	30.97565	0.12498
6.97737	30.29496	0.12308
7.01809	30.04551	0.12226
7.05880	29.98703	0.12130
7.09952	29.51485	0.12034
7.14024	29.56139	0.11919
7.18095	29.38204	0.11946
7.22167	29.31237	0.11803
7.26239	29.12968	0.11786
7.30310	29.41270	0.11832
7.34382	29.44889	0.11797
7.38454	29.57120	0.11736
7.42525	29.93092	0.11854
7.46597	30.18512	0.11846
7.50668	30.37673	0.11984
7.54740	29.88896	0.11973
7.58811	29.62111	0.11991
7.62883	29.10465	0.11881
7.66954	29.01703	0.11921
7.71026	28.96765	0.11855
7.75097	28.82793	0.11920
7.79168	28.54468	0.11838
7.83240	28.51812	0.11844
7.87311	28.56154	0.11801
7.91383	28.14621	0.11735
7.95454	28.09402	0.11755
7.99525	28.05096	0.11738
8.03596	27.79169	0.11618
8.07668	27.82052	0.11466
8.11739	27.72918	0.11322
8.15810	27.79069	0.11280
8.19881	27.68235	0.11215
8.23953	27.86669	0.11141
8.28024	27.78191	0.11154
8.32095	27.97307	0.11045
8.36166	27.75657	0.11034
8.40237	28.00914	0.11004
8.44308	28.11859	0.11026
8.48379	28.11087	0.11039
8.52450	28.35757	0.11128
8.56521	28.31825	0.11219
8.60592	28.62414	0.11284
8.64663	29.03558	0.11327
8.68734	29.21482	0.11410
8.72805	29.43510	0.11395
8.76876	29.82651	0.11341
8.80947	30.52398	0.11311
8.85017	31.17699	0.11455
8.89088	32.29626	0.11545
8.93159	33.43302	0.11822
8.97230	35.01377	0.12009
9.01301	37.84517	0.12376
9.05371	41.60208	0.13007
9.09442	47.28760	0.13781
9.13513	54.97237	0.14793
9.17583	62.60394	0.15768
9.21654	64.49114	0.15944
9.25725	61.54487	0.15514
9.29795	57.44462	0.14896
9.33866	53.52473	0.14429
9.37936	50.55772	0.13899
9.42007	48.22600	0.13562
9.46077	46.28190	0.13181
9.50148	44.71865	0.12959
9.54218	42.88783	0.12610
9.58289	42.18373	0.12444
9.62359	41.08294	0.12292
9.66429	40.52802	0.12175
9.70500	39.64880	0.11966
9.74570	38.78013	0.11845
9.78640	37.93671	0.11655
9.82711	37.03801	0.11593
9.86781	36.54328	0.11432
9.90851	35.89694	0.11351
9.94921	35.62966	0.11234
9.98991	34.90329	0.11125
10.03061	34.75913	0.11061
10.07132	34.38097	0.10995
10.11202	34.30748	0.10977
10.15272	34.01358	0.10849
10.19342	33.98889	0.10832
10.23412	34.02852	0.10817
10.27482	33.72090	0.10819
10.31552	33.06843	0.10835
10.35622	32.44320	0.10757
10.39692	31.83294	0.10653
10.43761	31.10812	0.10580
10.47831	30.78571	0.10537
10.51901	30.12169	0.10436
10.55971	29.78006	0.10346
10.60041	29.02927	0.10250
10.64110	28.51856	0.10172
10.68180	28.33252	0.10114
10.72250	27.85922	0.10095
10.76319	27.32988	0.09940
10.80389	27.11113	0.09907
10.84459	26.60648	0.09625
10.88528	26.41744	0.09589
10.92598	26.12975	0.09466
10.96667	25.82279	0.09364
11.00737	25.67401	0.09290
11.04806	25.39624	0.09222
11.08876	25.29367	0.09138
11.12945	25.16625	0.09091
11.17014	24.72364	0.09032
11.21084	24.76961	0.08979
11.25153	24.48152	0.08907
11.29222	24.51386	0.08878
11.33292	24.28816	0.08784
11.37361	24.03856	0.08769
11.41430	24.03402	0.08681
11.45499	23.97808	0.08704
11.49568	23.77938	0.08571
11.53637	23.68852	0.08593
11.57706	23.61520	0.08518
11.61776	23.58224	0.08522
11.65845	23.60933	0.08489
11.69914	23.64952	0.08472
11.73982	23.55248	0.08415
11.78051	23.49519	0.08416
11.82120	23.37573	0.08392
11.86189	23.42389	0.08391
11.90258	23.60985	0.08368
11.94327	23.48018	0.08367
11.98396	23.46591	0.08286
12.02464	23.58934	0.08354
12.06533	23.60285	0.08291
12.10602	23.55934	0.08307
12.14670	23.46144	0.08248
12.18739	23.64364	0.08278
12.22808	23.69988	0.08274
12.26876	23.73662	0.08272
12.30945	23.39858	0.08181
12.35013	23.59377	0.08213
12.39082	23.63527	0.08199
12.43150	23.52137	0.08159
12.47218	23.61733	0.08158
12.51287	23.71304	0.08189
12.55355	23.66949	0.08128
12.59423	23.81693	0.08132
12.63492	23.90612	0.08139
12.67560	23.89657	0.08147
12.71628	23.82071	0.08100
12.75696	23.99887	0.08112
12.79764	24.14107	0.08126
12.83832	24.06285	0.08080
12.87901	24.31598	0.08127
12.91969	24.33430	0.08108
12.96037	24.30243	0.08102
13.00105	24.36146	0.08089
13.04172	24.65097	0.08102
13.08240	24.65292	0.08105
13.12308	24.58370	0.08079
13.16376	24.81953	0.08088
13.20444	24.93925	0.08103
13.24512	24.94741	0.08090
13.28579	25.14371	0.08113
13.32647	25.29855	0.08118
13.36715	25.28647	0.08101
13.40782	25.32049	0.08066
13.44850	25.68621	0.08119
13.48917	25.60491	0.08079
13.52985	25.79165	0.08125
13.57052	25.92824	0.08182
13.61120	26.05243	0.08263
13.65187	26.13399	0.08281
13.69255	26.18939	0.08347
13.73322	26.42842	0.08361
13.77389	26.61907	0.08426
13.81457	26.68657	0.08452
13.85524	26.98876	0.08507
13.89591	27.00227	0.08505
13.93658	27.17081	0.08578
13.97725	27.40310	0.08592
14.01793	27.39883	0.08588
14.05860	27.78242	0.08654
14.09927	27.82033	0.08629
14.13994	28.13862	0.08595
14.18061	28.37471	0.08554
14.22127	28.60346	0.08592
14.26194	28.74153	0.08541
14.30261	28.90839	0.08560
14.34328	29.21451	0.08581
14.38395	29.37846	0.08605
14.42461	29.46490	0.08557
14.46528	29.74584	0.08583
14.50595	29.90115	0.08584
14.54661	30.23357	0.08628
14.58728	30.45434	0.08627
14.62795	30.65756	0.08640
14.66861	31.00861	0.08660
14.70928	31.04481	0.08625
14.74994	31.32918	0.08669
14.79060	31.54757	0.08695
14.83127	31.70410	0.08679
14.87193	31.89618	0.08676
14.91259	32.23833	0.08728
14.95325	32.41442	0.08721
14.99392	32.61436	0.08746
15.03458	32.90088	0.08745
15.07524	33.14331	0.08793
15.11590	33.09500	0.08748
15.15656	33.39709	0.08800
15.19722	33.66557	0.08798
15.23788	33.99581	0.08849
15.27854	34.13027	0.08828
15.31920	34.41914	0.08880
15.35986	34.52214	0.08870
15.40052	34.86539	0.08868
15.44117	34.97710	0.08903
15.48183	35.05735	0.08865
15.52249	35.39672	0.08940
15.56314	35.46161	0.08896
15.60380	35.74508	0.08946
15.64445	36.01021	0.08929
15.68511	36.30135	0.08973
15.72577	36.61750	0.08987
15.76642	36.68474	0.09000
15.80707	36.92094	0.09013
15.84773	36.86490	0.08965
15.88838	37.19286	0.08994
15.92903	37.40787	0.09027
15.96969	37.40920	0.09016
16.01034	37.64741	0.09011
16.05099	37.82421	0.08991
16.09164	37.95717	0.09032
16.13229	38.02117	0.09022
16.17294	38.16656	0.08997
16.21359	38.41022	0.09013
16.25424	38.53334	0.09023
16.29489	38.78630	0.09077
16.33554	38.86980	0.09132
16.37619	38.93068	0.09194
16.41683	39.19650	0.09243
16.45748	39.18747	0.09254
16.49813	39.39775	0.09327
16.53878	39.58343	0.09349
16.57942	39.63957	0.09365
16.62007	39.55765	0.09342
16.66071	39.83335	0.09420
16.70136	39.86977	0.09400
16.74200	39.97084	0.09445
16.78265	40.09414	0.09436
16.82329	40.11641	0.09448
16.86393	40.14227	0.09356
16.90457	40.24996	0.09327
16.94522	40.23173	0.09295
16.98586	40.48679	0.09241
17.02650	40.68163	0.09291
17.06714	40.64217	0.09222
17.10778	40.77410	0.09249
17.14842	40.67646	0.09183
17.18906	41.00796	0.09212
17.22970	41.08437	0.09201
17.27034	41.01000	0.09155
17.31098	41.30020	0.09189
17.35161	41.50153	0.09156
17.39225	41.83165	0.09240
17.43289	41.88508	0.09171
17.47352	42.05559	0.09180
17.51416	42.14506	0.09177
17.55480	42.57786	0.09233
17.59543	42.78607	0.09218
17.63607	43.17420	0.09231
17.67670	43.63354	0.09299
17.71733	44.04457	0.09285
17.75797	44.74067	0.09418
17.79860	45.16971	0.09389
17.83923	45.94370	0.09471
17.87986	47.25339	0.09589
17.92050	48.20598	0.09678
17.96113	49.88371	0.09829
18.00176	51.57316	0.09976
18.04239	53.65497	0.10184
18.08302	55.58997	0.10297
18.12365	57.13802	0.10480
18.16427	58.07386	0.10517
18.20490	58.08842	0.10532
18.24553	58.25422	0.10489
18.28616	58.29203	0.10505
18.32678	58.07120	0.10466
18.36741	57.56152	0.10394
18.40804	56.56072	0.10307
18.44866	55.21144	0.10107
18.48929	54.34717	0.10069
18.52991	53.19510	0.09941
18.57053	51.82718	0.09789
18.61116	50.73355	0.09661
18.65178	49.64381	0.09533
18.69240	48.60647	0.09463
18.73302	47.79539	0.09335
18.77365	46.68931	0.09237
18.81427	45.83221	0.09101
18.85489	45.20165	0.09082
18.89551	44.43111	0.08974
18.93613	43.53210	0.08873
18.97675	43.05030	0.08805
19.01736	42.43713	0.08738
19.05798	41.89719	0.08683
19.09860	41.42010	0.08610
19.13922	40.74696	0.08529
19.17983	40.15188	0.08443
19.22045	39.50928	0.08394
19.26106	39.09335	0.08316
19.30168	38.61045	0.08260
19.34229	38.10475	0.08179
19.38291	37.43334	0.08125
19.42352	36.98951	0.08054
19.46414	36.48899	0.07983
19.50475	36.03287	0.07927
19.54536	35.69357	0.07916
19.58597	35.17828	0.07991
19.62658	34.89090	0.08010
19.66719	34.58007	0.08019
19.70780	34.33239	0.08025
19.74841	33.92112	0.08049
19.78902	33.68985	0.08002
19.82963	33.24248	0.08019
19.87024	33.04718	0.07983
19.91085	32.76589	0.08019
19.95145	32.35256	0.07979
19.99206	32.08644	0.07923
20.03266	31.79580	0.07947
20.07327	31.55388	0.07884
20.11387	31.31996	0.07820
20.15448	31.12419	0.07728
20.19508	31.00647	0.07719
20.23569	30.72590	0.07673
20.27629	30.55279	0.07622
20.31689	30.31720	0.07609
20.35749	30.14514	0.07532
20.39809	29.90592	0.07546
20.43870	29.78334	0.07488
20.47930	29.55838	0.07484
20.51989	29.39721	0.07430
20.56049	29.17420	0.07426
20.60109	29.14920	0.07404
20.64169	29.06296	0.07395
20.68229	28.95554	0.07367
20.72289	28.62748	0.07326
20.76348	28.45345	0.07330
20.80408	28.31560	0.07273
20.84467	28.29683	0.07289
20.88527	28.01987	0.07223
20.92586	27.98249	0.07266
20.96646	27.74444	0.07179
21.00705	27.77164	0.07203
21.04764	27.67172	0.07157
21.08823	27.57874	0.07165
21.12883	27.51387	0.07145
21.16942	27.40797	0.07107
21.21001	27.29546	0.07122
21.25060	27.24536	0.07078
21.29119	27.08840	0.07089
21.33177	26.99301	0.07029
21.37236	26.87580	0.07041
21.41295	26.89428	0.07027
21.45354	26.93661	0.07050
21.49412	26.73396	0.06995
21.53471	26.60473	0.06979
21.57530	26.66234	0.06996
21.61588	26.50032	0.06964
21.65647	26.41806	0.06953
21.69705	26.41903	0.06926
21.73763	26.38782	0.06960
21.77822	26.43302	0.06933
21.81880	26.34342	0.06945
21.85938	26.19640	0.06895
21.89996	26.16104	0.06922
21.94054	26.10392	0.06897
21.98112	26.01360	0.06862
22.02170	26.05411	0.06884
22.06228	26.08694	0.06870
22.10286	25.93818	0.06873
22.14343	25.80874	0.06808
22.18401	25.89783	0.06855
22.22459	25.70535	0.06789
22.26516	25.58254	0.06834
22.30574	25.62714	0.06880
22.34631	25.57078	0.06930
22.38689	25.51099	0.06912
22.42746	25.46825	0.06930
22.46803	25.41667	0.06979
22.50861	25.45928	0.07054
22.54918	25.47707	0.07124
22.58975	25.42319	0.07121
22.63032	25.50801	0.07195
22.67089	25.27941	0.07203
22.71146	25.31576	0.07250
22.75203	25.32317	0.07266
22.79260	25.25466	0.07305
22.83317	25.26960	0.07331
22.87373	25.18550	0.07330
22.91430	25.10681	0.07358
22.95486	25.19167	0.07345
22.99543	25.04101	0.07397
23.03600	25.08100	0.07371
23.07656	25.09786	0.07456
23.11712	24.97694	0.07412
23.15769	25.05480	0.07498
23.19825	24.99248	0.07468
23.23881	25.10884	0.07517
23.27937	24.95184	0.07525
23.31993	24.86927	0.07542
23.36049	24.90509	0.07548
23.40105	25.03827	0.07608
23.44161	24.97273	0.07626
23.48217	24.75423	0.07586
23.52273	24.60372	0.07622
23.56328	24.74049	0.07623
23.60384	24.74477	0.07690
23.64439	24.79708	0.07646
23.68495	24.68159	0.07685
23.72550	24.56490	0.07669
23.76606	24.89738	0.07735
23.80661	24.71556	0.07688
23.84716	24.60213	0.07691
23.88772	24.48767	0.07688
23.92827	24.61855	0.07724
23.96882	24.40349	0.07718
24.00937	24.48856	0.07742
24.04992	24.51015	0.07782
24.09047	24.51546	0.07750
24.13102	24.45577	0.07797
24.17156	24.43939	0.07804
24.21211	24.32733	0.07807
24.25266	24.45403	0.07815
24.29320	24.39819	0.07861
24.33375	24.41585	0.07853
24.37429	24.26469	0.07856
24.41484	24.19095	0.07857
24.45538	24.35649	0.07925
24.49592	24.45820	0.07942
24.53646	24.35569	0.07931
24.57701	24.45070	0.08015
24.61755	24.25132	0.07951
24.65809	24.23346	0.07976
24.69863	24.32483	0.07969
24.73917	24.29542	0.08022
24.77970	24.19776	0.07957
24.82024	24.27360	0.08023
24.86078	24.38128	0.08038
24.90131	24.30645	0.08066
24.94185	24.34215	0.08055
24.98238	24.17625	0.08062
25.02292	24.09843	0.08076
25.06345	24.20411	0.08107
25.10399	24.09185	0.08097
25.14452	24.14012	0.08138
25.18505	24.32977	0.08171
25.22558	24.19533	0.08163
25.26611	24.16934	0.08182
25.30664	24.09649	0.08160
25.34717	24.24308	0.08229
25.38770	23.87490	0.08131
25.42823	24.20755	0.08236
25.46875	24.20650	0.08403
25.50928	24.24097	0.08490
25.54981	24.12057	0.08553
25.59033	23.98417	0.08618
25.63086	24.15322	0.08692
25.67138	24.17393	0.08753
25.71190	24.19870	0.08849
25.75243	24.10375	0.08852
25.79295	24.17231	0.08952
25.83347	24.28039	0.09008
25.87399	24.20536	0.09055
25.91451	24.46956	0.09167
25.95503	24.33861	0.09199
25.99555	24.17835	0.09214
26.03607	24.24905	0.09309
26.07658	24.36032	0.09346
26.11710	24.09473	0.09342
26.15762	24.34176	0.09455
26.19813	24.15819	0.09459
26.23865	24.56214	0.09556
26.27916	24.45149	0.09589
26.31967	24.40224	0.09618
26.36018	24.50365	0.09708
26.40070	24.29809	0.09684
26.44121	24.35973	0.09820
26.48172	24.51994	0.09864
26.52223	24.64211	0.09944
26.56274	24.89355	0.10099
26.60325	25.36093	0.10189
26.64375	25.40114	0.10279
26.68426	24.98194	0.10256
26.72477	24.98441	0.10296
26.76527	25.41007	0.10410
26.80578	25.79390	0.10569
26.84628	446.09381	0.44098
26.88678	25.50722	0.10619
26.92729	24.85629	0.10539
26.96779	24.36241	0.10569
27.00829	23.69069	0.10420
27.04879	23.27275	0.10347
27.08929	23.24184	0.10458
27.12979	22.76171	0.10367
27.17029	22.98834	0.10513
27.21079	22.77388	0.10497
27.25129	22.51456	0.10493
27.29178	22.65578	0.10614
27.33228	22.59330	0.10650
27.37277	22.47615	0.10728
27.41327	22.58687	0.10787
27.45376	22.54428	0.10830
27.49425	22.66736	0.10911
27.53475	22.58175	0.10966
27.57524	22.41318	0.10942
27.61573	22.41892	0.10993
27.65622	21.92977	0.10899
27.69671	21.36187	0.10766
27.73720	20.54064	0.10665
27.77769	19.61011	0.10429
27.81817	18.86319	0.10277
27.85866	18.16645	0.10192
27.89914	17.31918	0.09977
27.93963	16.66634	0.09841
27.98011	15.90669	0.09742
28.02060	15.21272	0.09527
28.06108	14.30569	0.09283
28.10156	13.41588	0.09075
28.14204	12.39128	0.08781
28.18253	11.76456	0.08586
28.22301	11.23872	0.08515
28.26349	10.91842	0.08409
28.30396	10.55835	0.08345
28.34444	10.74875	0.08516
28.38492	10.39570	0.08381
28.42540	10.25078	0.08405
28.46587	10.24517	0.08444
28.50635	10.37042	0.08519
28.54682	10.36328	0.08647
28.58729	9.90460	0.08493
28.62777	8.76024	0.08073
28.66824	7.10700	0.07329
28.70871	5.24946	0.06352
28.74918	3.92300	0.05538
28.78965	2.90805	0.04812
28.83012	2.07423	0.04070
28.87059	1.60781	0.03617
28.91105	1.22794	0.03183
28.95152	1.01318	0.02925
28.99199	0.78906	0.02605
29.03245	0.65643	0.02400
29.07292	0.57498	0.02279
29.11338	0.47827	0.02090
29.15384	0.45912	0.02066
29.19431	0.38995	0.01915
29.23477	0.33310	0.01794
29.27523	0.34582	0.01822
29.31569	0.32928	0.01817
29.35615	0.28727	0.01715
29.39661	0.24164	0.01583
29.43706	0.22436	0.01537
29.47752	0.23273	0.01582
29.51798	0.23029	0.01586
29.55843	0.22598	0.01572
29.59889	0.21146	0.01534
29.63934	0.17458	0.01384
29.67979	0.19716	0.01496
29.72025	0.19698	0.01505
29.76070	0.18239	0.01461
29.80115	0.16927	0.01412
29.84160	0.20010	0.01558
29.88205	0.17917	0.01477
29.92250	0.17947	0.01497
29.96294	0.17398	0.01474
30.00339	0.14851	0.01379
30.04384	0.18060	0.01542
30.08428	0.20130	0.01639
30.12473	0.18942	0.01616
30.16517	0.17301	0.01561
30.20562	0.18317	0.01623
30.24606	0.14442	0.01465
30.28650	0.17325	0.01592
30.32694	0.18892	0.01688
30.36738	0.14723	0.01510
30.40782	0.15019	0.01549
30.44826	0.13628	0.01498
30.48870	0.15658	0.01625
30.52913	0.18202	0.01784
30.56957	0.19616	0.01873
30.61000	0.16603	0.01722
30.65044	0.13729	0.01584
30.69087	0.12081	0.01511
30.73130	0.13541	0.01625
30.77174	0.18149	0.01929
30.81217	0.18217	0.01960
30.85260	0.18262	0.01990
30.89303	0.13023	0.01705
30.93346	0.15625	0.01889
30.97388	0.16275	0.01950
31.01431	0.14443	0.01872
31.05474	0.12858	0.01809
31.09516	0.13684	0.01903
31.13559	0.08720	0.01554
31.17601	0.09334	0.01635
31.21644	0.10163	0.01750
31.25686	0.11577	0.01899
31.29728	0.17370	0.02363
31.33770	0.14213	0.02145
31.37812	0.12043	0.02038
31.41854	0.17326	0.02461
31.45896	0.12155	0.02126
31.49938	0.11062	0.02043
31.53979	0.11290	0.02125
31.58021	0.07859	0.01795
31.62062	0.11682	0.02244
31.66104	0.10397	0.02135
31.70145	0.10027	0.02165
31.74187	0.10227	0.02207
31.78228	0.06217	0.01763
31.82269	0.10839	0.02340
31.86310	0.11248	0.02427
31.90351	0.07951	0.02073
31.94392	0.12928	0.02651
31.98432	0.10871	0.02478
32.02473	0.06583	0.01956
32.06514	0.08773	0.02285
32.10554	0.06189	0.01937
32.14595	0.05024	0.01783
32.18635	0.08053	0.02279
32.22675	0.11420	0.02768
32.26716	0.04795	0.01838
32.30756	0.12976	0.03044
32.34796	0.03392	0.01591
32.38836	0.06166	0.02186
32.42875	0.05462	0.02090
32.46915	0.07706	0.02556
32.50955	0.06922	0.02453
32.54995	0.06145	0.02353
32.59034	0.09660	0.03019
32.63074	0.06836	0.02615
32.67113	0.07047	0.02695
32.71152	0.14697	0.03975
32.75191	0.07862	0.03006
32.79230	0.05562	0.02604
32.83269	0.08775	0.03354
32.87308	0.07923	0.03317
32.91347	0.08391	0.03513
32.95386	0.05437	0.02938
32.99425	0.07878	0.03685
33.03463	0.04228	0.02798
33.07502	0.02330	0.02181
33.11540	0.05198	0.03437
33.15579	0.08799	0.04750
33.19617	0.09535	0.05147
33.23655	0.00000	0.00000
33.27693	0.00000	0.00000
33.31731	0.05452	0.05095
33.35769	0.00000	0.00000
33.39807	0.00000	0.00000
33.43845	0.00000	0.00000
33.47882	0.00000	0.00000
